615 7921 207054342
11 1117 1183239386
301 3292 166531039
125 7591 1770418639
240 5095 661787073
290 6712 220899169
453 7396 623680464
207 5122 271598610
738 5144 1783868896
81 1396 239386755
77 5777 1522943019
572 2032 1868698708
902 7582 1758292039
576 2474 829187807
255 2841 1179827963
893 9816 1204507142
384 5994 1705754657
791 4522 807471039
73 4413 70753597
573 9224 1293087214
180 3262 1060660829
468 940 1945201307
34 771 2081762543
538 4990 1699037828
677 1903 1058737724
991 9717 1166598324
519 4612 3189068
817 7610 590862351
191 3139 1121209794
105 9196 1376854579
214 9151 2056255775
442 9845 1218984075
181 3475 48278866
733 4411 858154835
911 244 1124063326
955 7149 1507791412
537 1836 82754613
419 622 1767600691
498 9709 391477310
893 6396 2033220664
994 1001 489766563
257 1459 1579025322
256 9804 727244706
892 2535 1840200402
429 4287 1452112920
506 8979 742810225
323 6426 916799458
264 1543 1532351629
120 1011 1249454129
35 8163 138860555
200 3301 1641141769
486 9689 374507656
360 8265 431643172
239 1958 1746827212
970 3602 1724130308
227 8335 1422290185
74 3715 2007905166
649 5434 1336680673
147 2181 2146962704
70 7095 1264993757
904 449 67628413
861 1395 611122445
384 855 1966976282
34 2305 2035985140
165 1234 1676303856
756 8967 2011995756
762 2649 255884956
720 5199 785693366
47 6157 1074054380
624 7391 1512445309
341 5294 1986603169
193 1948 838810875
127 8812 1795577397
88 5687 1289180147
968 6189 1159819525
886 5683 712124805
346 3146 688906212
674 7164 2006963203
131 8200 1903680111
220 7265 1628511066
285 5759 1320316623
526 5903 472754902
428 6308 1607817208
732 8475 862179417
987 3283 2130152391
542 5413 693415493
934 2119 121742556
618 9276 275555100
553 157 344050148
887 182 326706758
759 4287 1488518686
74 3999 1749630697
694 1792 1721165238
381 7444 1222614941
481 5415 142481300
538 6942 157068171
308 3148 1130887663
934 6682 1172341083
754 3822 1067121799
196 1803 1889284189
574 9095 856306268
919 991 2102274851
733 518 23549871
215 8647 710676020
454 8904 1157866149
415 715 377456137
676 8686 1229054436
271 7039 106599962
184 2940 1164539567
618 4588 2011586066
411 1405 2128766878
919 8072 688914977
285 1568 312268913
630 9284 459162247
684 9691 1991774396
815 7151 597806807
873 8157 1265642269
482 3748 1969539691
951 3201 837570524
833 8830 361268565
12 817 867340572
941 4530 1696821583
691 2888 304374999
648 8762 558649707
882 674 1534777000
184 2961 1227754531
782 3643 1942134118
674 6947 513836130
483 9554 262685297
964 6365 108319770
621 8105 1940023740
719 6024 171652529
866 36 1200448286
794 1738 754993586
410 9776 1693448096
857 4131 878710670
550 5520 835721093
165 3705 646050153
973 5726 416297812
847 4522 1311003639
405 5760 1046786403
750 1923 1752412982
799 1083 1969314706
526 4808 2009760488
873 2381 185428928
903 3493 635578069
740 8530 1810531072
637 3491 680962910
385 3204 1363896922
316 3027 401936336
952 711 303833365
614 309 1936928581
624 4195 555592623
674 8493 759167787
99 9805 958820131
784 964 541843009
911 6010 735990952
951 8586 1335914429
579 7794 707965924
657 2110 1262314380
459 57 959795921
294 818 1740434287
573 9339 1628398358
849 7811 1824136422
226 5815 935158417
496 5286 654912438
894 8196 1862109155
590 3300 1097502366
130 3226 1154625872
796 3699 302293836
122 1397 1998993547
898 2080 849060462
179 8751 752391213
766 2491 1530816858
565 8109 899130590
448 9065 1190244984
628 8852 892254462
224 5998 1815690096
185 5075 346547502
275 365 2143690897
119 3818 1166605674
360 7222 2014092494
611 1965 180628996
875 3322 516775098
446 9786 1634214939
494 1159 196801356
422 565 1041344653
211 2935 608868486
121 9011 235287286
422 6586 628566975
460 6692 903538287
694 2624 2019997143
799 4121 1423410534
346 1599 742176819
876 3949 1800432419
232 6985 1238368457
674 7071 1858381017
22 3481 1227611960
249 8438 443563652
483 6244 660861965
209 2758 34317088
862 8297 562922567
716 6020 948255217
953 4678 1942706251
336 6762 782125233
812 1459 513126399
828 7834 178471087
321 4738 670413757
586 326 1657160859
118 9675 1337776247
882 3147 1855950817
687 5642 83322947
584 3301 181468781
493 1325 183533665
670 879 606292699
559 4985 936477173
34 3724 1370888443
829 8740 803387515
843 2966 1990326523
887 7573 872025457
694 8066 224534941
104 2214 951393261
813 2644 777630266
306 3474 1126656490
311 8463 593165104
323 479 977588528
955 7589 1370811570
570 7939 1483731600
500 6091 396476930
376 9404 700094862
369 6277 907963712
1000 9471 1054400568
819 7280 1702327998
922 5725 1652517571
882 9484 700191889
413 5319 1774959835
19 5767 1094980511
147 8663 986208652
188 7665 2119058017
38 6335 1855722168
195 3268 1533977352
851 2692 862290739
762 1326 2071468924
133 2471 1048013392
528 8532 122941457
925 9308 2050029465
263 3019 1323303645
578 1234 1461136090
7 2690 1119430666
774 2512 141030249
764 7194 1545443944
361 5879 1262239397
672 9704 242809869
887 1310 1412269275
3 7411 1602306808
642 5388 1406087574
816 6802 1801200101
479 9239 2010972310
583 2796 1371652153
937 2486 279716562
987 948 1582744045
31 3381 1893731020
140 1411 119594406
443 2318 110145850
550 1827 1370419275
652 500 305639274
234 4735 838249331
625 1377 1915746309
662 8010 229371563
533 4456 45666760
348 7049 1072870418
231 136 549992595
102 6411 1486807678
33 9355 1659817296
848 360 2117034840
763 9039 833918121
703 4697 2007980250
623 2512 520073930
790 1560 2126302547
210 6690 1503645822
349 411 940617652
660 999 1982661983
812 3253 1597050915
859 9034 26594318
686 9651 831045115
296 2514 1317742818
332 5171 745291355
299 3342 914890825
675 7346 1690029892
734 8899 147393412
102 3725 861665243
77 2772 1120622136
69 9421 670511461
219 5082 1778411274
970 3153 259500127
870 5462 1779164593
952 3586 200593001
760 1183 657001979
299 1788 769170540
540 3409 766470247
706 503 694567861
144 2276 1626333800
468 8865 1964277012
88 7758 1047721526
418 7231 536484640
304 9802 400117545
200 4508 1472538362
809 6049 1466760047
442 6935 902856529
580 9806 1907130355
814 1350 1688260052
801 3059 1186863272
583 4854 238118350
971 1065 439076201
822 1806 1816331143
203 7806 905960995
30 500 1173192224
326 6138 1215832536
769 9141 1948772757
33 5773 767075483
163 6014 2113101422
333 5746 406064873
618 6661 1061555269
88 9259 455116775
652 9700 365160665
970 1138 1051187067
909 113 2144876925
803 1291 1699339592
721 6934 371577048
342 8829 1078243481
206 1464 290841841
328 6422 851423639
543 5977 91355379
317 73 2122397721
121 7548 1549821248
991 4550 1057594247
921 3039 1045834263
802 6446 839596012
443 1895 1905639539
285 6324 851854079
290 9535 1732853634
581 3958 1941930961
647 3731 518465684
763 2628 1995543451
897 2794 369789518
562 7114 1752502325
271 4470 607191923
436 5365 254534185
691 5935 1910361647
184 7478 1080996121
951 4689 680996738
462 4660 675981273
122 4215 1472014599
550 15 1983168338
141 2398 517075616
239 1061 1733864396
503 9303 242270801
841 8313 334655403
747 8305 1562874147
631 9449 3536785
836 9496 1029854095
948 986 637700622
916 344 1825983654
661 3545 391091273
502 1741 602904850
560 2480 1863761985
514 1390 936289628
286 2589 1013805691
368 1444 788422538
893 2008 18296060
145 1683 1702763985
415 4 1132229003
975 3086 248622074
159 3580 1717892531
732 5195 1093132881
971 723 891616290
746 8358 718361435
19 3648 1180560239
918 9800 385263241
511 4906 242832086
293 6444 1834262897
907 180 1545585115
812 776 52780014
512 2446 975345841
557 7364 2001483639
87 6847 1500785376
652 3036 1207115449
443 6313 1362744658
992 3910 154844758
354 5211 1293773545
852 1821 488100508
8 2158 915163391
773 8287 1065179167
59 2708 616647844
529 8968 2108144342
375 8806 1847606216
155 5781 1698795451
695 3441 450518027
660 3297 1264063283
729 8950 632886461
483 2408 722767269
379 5356 1088986046
521 9955 716288145
263 368 2000779290
75 8021 217901066
69 1341 755753652
215 9975 210986040
258 4437 1449443315
217 8375 1356718419
390 1588 318074593
597 8984 723827573
822 8082 113272958
660 142 31995865
232 5942 532776306
432 6849 443476476
816 3461 1765580014
469 1548 1704905001
424 7381 1468566885
744 5115 271826676
490 816 417012782
327 776 1050415099
796 4657 512650488
594 7854 1866365988
495 6495 1881773470
248 6527 1175520779
691 4758 1855752257
580 2152 1475106823
379 4490 1732379928
855 6293 930605952
976 855 333848178
161 9287 574993066
585 2915 229324238
935 8177 385827740
111 5024 1760791717
379 7064 2060028164
502 158 1501438147
741 1059 289025718
711 5435 1295632661
987 9307 922347270
650 4264 1634727788
988 9289 2009118138
130 4621 11307632
428 9323 2115743079
804 1494 265266192
688 6906 1345804393
898 95 680486752
971 2613 2121701918
952 3996 695565832
965 7201 968872467
810 6282 1211150956
193 2013 325332750
911 7975 971551986
247 3096 721207356
387 6032 1456072329
578 1150 56700390
512 5366 526327444
147 830 45093017
174 4193 345377038
135 665 210301811
388 3262 2121199163
403 190 210611216
146 5445 1150313151
241 7201 1031165412
110 2640 1613959718
513 6669 663756936
259 1603 1829478862
902 5249 1656933518
871 821 435146623
877 1597 1607234486
597 9043 1800577080
370 7419 502418547
185 6016 1869360672
863 9455 1617743792
140 8135 1863310986
201 5710 723844798
43 6928 1692633271
945 2961 1155195860
875 8583 1233234484
787 6707 474831327
334 4536 1996342505
957 8797 805507947
826 5216 1537530596
180 2862 1336259685
407 1004 1657767542
84 9714 411270911
103 5434 270580884
922 8996 1280790477
93 6750 1639793080
63 9362 1557890506
912 9015 1008798269
39 8056 203127585
974 852 291191606
576 6761 156672096
26 9502 1413528773
147 3584 430551277
199 2770 1184702118
773 3387 1037947519
429 5177 425434102
354 1894 954396355
216 1503 130444061
46 3062 2095379442
752 481 1928920638
333 3973 1967413988
680 1404 787220643
837 7546 80973874
436 8595 1003869541
735 2054 494174832
829 5711 1174204722
741 4099 745334422
178 966 1921515608
717 6187 1213288933
564 2818 158184993
899 5881 92463473
128 7458 526408268
337 8340 1871290288
318 2881 102723123
993 1158 796464544
834 998 1297340337
524 2842 1015757360
46 5704 960513881
59 8718 1334737486
606 1657 282136133
675 3570 74970915
60 6707 617003452
619 4542 770181649
121 2620 1572453026
687 6118 1301768037
981 8009 912523037
288 9795 535162087
615 6136 773164603
387 94 1574426378
666 4308 572900756
475 2749 1883485371
494 6824 1998433572
559 4076 998719231
487 5259 2035695539
631 1347 1308570030
892 9132 2139031076
317 2710 977445803
468 5207 1892813466
679 1729 1803455704
894 7254 867557510
321 6581 1325066006
780 406 1554905811
605 5989 1280883566
114 6211 605722394
682 3309 325886839
140 8281 1738717240
12 6125 1565003659
346 3625 765259979
581 7341 674223684
321 1087 1574030909
141 9384 1424063574
95 4722 299292593
244 5967 964205066
206 6582 2041498996
173 9186 808660112
451 3134 714940100
401 4278 525378349
621 4568 775136948
795 141 89896850
929 1092 44084435
70 3885 1210600459
3 1269 1177962996
293 8990 1944605620
117 3279 214280265
344 9397 170166118
604 846 973349563
168 5683 467894379
665 8773 1778730017
250 5323 356219001
293 9221 151300682
689 6641 2031532571
447 6322 879529730
657 8670 397681618
304 9674 1866871801
503 7701 1597855377
316 4983 2064002833
502 877 709064114
208 4822 143682755
346 4917 225240131
879 5039 916745915
637 4572 1494780035
406 395 111151434
740 8478 2025032476
224 5398 687987565
342 1422 1203644108
926 763 2139458557
374 6620 1873325615
620 6797 1180382228
836 355 150525248
952 9469 975322758
728 8019 570407921
166 9435 113743734
560 3782 1549935816
718 3263 798297136
983 9430 176477462
649 3129 657826355
575 44 562754548
426 25 1669992057
142 8395 40790587
15 4374 121418117
426 4603 1795923570
199 6483 1648869379
303 8683 77937162
732 3034 1097482369
59 5080 2010393081
220 1960 585704834
406 4553 1827449040
762 6525 538701282
185 2699 1158111612
23 150 1763436512
844 2837 1123938250
975 6410 734396861
822 2344 705963779
125 194 916187834
799 5360 2053056589
495 1420 1025246858
901 8061 2119700845
7 2978 767293221
127 2971 295889864
785 551 856016021
312 4108 1275510803
437 2740 2124782131
635 5880 1370090092
407 5690 496920496
682 5051 1353217538
317 682 1640604334
269 3707 1921835432
654 4149 1719419242
924 1482 1074146351
784 80 107434877
40 4546 615208389
203 2440 2098852618
957 4070 735112495
29 4841 995603592
702 1034 1708515559
761 6124 406330139
968 8792 1922715911
199 2817 973333543
477 6191 1469103195
26 3909 238995821
512 3459 164891930
65 5027 1952755301
501 3124 76322825
618 951 883618387
291 2087 1104921549
41 4592 712449508
947 364 473495486
753 5613 683949346
935 8731 52343461
184 7061 2001672283
248 3345 66783351
451 2383 2060217702
639 4723 2100894893
217 7133 685735421
291 5840 1335647084
62 7605 520707041
296 7909 470307424
466 8010 268945429
768 33 601161992
402 8580 1418326083
635 7171 914291486
422 2034 1971654344
793 5854 1291050954
138 2900 580996874
600 7138 247822243
455 595 66759325
282 5011 1011141663
869 7654 255105155
621 3512 185129270
52 6045 966105939
917 2435 255823167
25 3651 278087428
375 1720 1916517108
258 9811 1981066462
716 2511 1184184998
385 9110 2146851850
17 8455 1258049068
239 7119 717603762
544 4321 379704566
871 4484 311134833
669 9991 424628617
960 4485 673597162
578 8337 1743775889
774 5128 655637975
149 9622 892314152
836 2657 827027812
670 8343 1049818544
636 4588 2030993770
753 8210 1234045045
762 5279 1475409170
174 9936 1382915485
102 4214 780734688
649 5047 959917733
641 5335 353977845
370 2215 1358220916
672 8440 1891922623
446 7940 818740982
942 528 541264796
781 8638 1244623334
704 1548 1747438889
939 618 158050980
581 9497 1049514331
314 983 2043378755
779 5968 825743417
1000 4802 728276965
742 912 1750347601
333 9517 855037098
82 970 907432865
154 8515 139755821
800 9870 1010624447
996 1790 1797183713
774 3076 1025547133
639 9906 439490595
747 644 694652076
246 2754 535862080
352 1051 790148418
355 3877 359845988
961 5819 1275948559
299 9516 1135504109
504 2096 1172557683
26 9919 715034804
42 2918 1145850957
653 5309 1098257183
196 4294 1532171214
5 4131 654087247
759 8114 1969709847
818 5759 928510693
319 5007 496714416
895 7465 1215585811
324 1769 34780917
622 9469 849222271
105 2260 1669477207
47 719 1397576407
761 5830 2076898626
334 3558 238219987
838 9786 904784750
944 6503 1531973221
744 3228 827338850
71 1359 432139646
242 2228 1891955081
140 5326 1579977226
228 6966 521753212
145 5974 1304257284
948 4073 327174222
643 4018 273849754
512 7938 1934432299
318 7309 2015386708
204 9173 699727593
142 8477 746864534
850 6217 724348688
367 4233 1778031011
347 9992 711201392
368 7786 1203514691
743 1748 1761574509
922 1069 60123397
411 430 1322639345
531 5915 1750869472
556 7147 412915941
812 4814 1638526966
227 8387 1981957522
290 2282 965201168
738 8300 2133317959
329 1188 1120755578
708 5585 313217659
93 3433 615488952
427 156 1412059031
144 1140 1382783098
496 8394 225975654
625 3274 521259993
701 9089 2013107550
937 1164 1986528253
558 7545 963275316
21 4204 247606023
964 5215 166694597
718 6754 994390791
486 4600 370159610
160 8274 479625520
414 8637 1292915930
558 9426 1919439740
959 4873 1989744314
652 6048 67547396
317 1815 1651330973
386 3923 2060218612
780 3440 1354333709
600 1876 856315609
67 6225 169550137
427 2553 1854436882
798 451 2056836261
263 6086 1191932857
179 9668 483834948
161 1178 1710431518
303 5130 1192244224
722 1680 341332096
872 3047 540478234
628 7624 2015658290
617 842 993164963
228 712 1633589451
398 9477 1628492710
686 3600 1941150058
491 9445 671683870
88 2225 134272391
574 8695 1323306413
745 3454 313978249
541 9279 1069056796
837 7208 196278229
172 8753 322751718
964 1470 593909543
147 5866 781707798
682 7890 728407147
220 3589 501554988
77 6938 1752482293
331 779 98956730
450 710 1190279305
34 8609 1587798331
842 698 1461063946
989 1691 517029383
277 7262 2010230159
195 1098 1555051590
66 4812 525517615
534 5568 113561091
158 3033 803016968
410 542 9349467
283 2147 1072286460
498 606 38192749
308 45 1742513862
340 8088 1758457147
210 5577 1079187567
838 3224 1338294573
930 1585 2016787228
242 3181 760848293
887 1773 389645288
640 7427 1037450604
767 9917 1880087006
702 2696 1084049095
386 9560 126882600
523 9604 484783963
672 9884 1386007300
287 7342 1464776761
433 9870 1449499493
329 3212 1841730485
361 2150 98984734
552 699 615186265
39 8491 285647089
860 5213 698165537
852 2642 1166321907
696 2469 59661935
359 1956 1535899427
727 3280 707635029
174 1251 247870005
307 1439 270165446
592 7956 1577538320
440 2420 2031854446
134 6980 557916637
862 2241 1488884937
622 9329 124822265
372 6328 371669416
705 8818 1161130311
457 1098 1684015874
559 4757 1809629685
942 4052 151336391
493 9678 1393748575
541 140 131865898
854 6435 393259014
131 177 1114493372
361 727 2013962638
929 7644 1071065764
46 9450 918070362
77 9267 793500084
308 2277 14648042
172 1587 31013730
378 9331 536843985
287 8736 1631123542
451 9422 1781555018
599 2037 1273785503
281 716 805980533
659 258 1544462017
428 2053 1401408242
327 8059 1912718634
704 2631 1638544575
112 7024 826756070
860 2675 1895002215
538 8620 2125854033
276 6198 1403682323
210 4548 286403722
891 5910 262903167
248 8535 1458002923
37 906 2095888758
271 1842 1190207336
788 4600 424974531
145 2855 1609820027
285 2819 601112921
81 3089 940085434
74 3805 611119818
808 3560 7475086
412 1452 243644610
5 6869 1758445515
660 1485 731245727
978 5641 1045491748
649 1612 568347972
465 986 1478311778
564 3095 17259855
160 6534 952001764
779 400 2108168822
989 1147 2090797452
137 9031 296866024
655 7184 275266428
867 4744 1791233650
858 4341 40861321
49 4079 145872807
684 6633 1853786676
296 1701 848006017
855 4402 679696800
569 2521 1635262747
18 888 1830123378
452 9117 574797968
907 7034 2112658922
343 7561 1191462634
239 7455 383667283
740 7414 1299092895
820 2413 243885097
252 5542 305612970
110 1685 2095396332
583 5481 1325742974
701 7303 387781154
475 9676 467618254
910 7310 1176216140
974 4927 1097336893
336 8168 1276472259
335 7565 134486564
125 6262 1297175234
581 6276 486830829
243 8594 1962220038
964 9749 232893682
209 1220 1701987879
971 4155 2017849137
73 7584 1477343480
863 9769 355737336
515 6533 444264355
268 2217 1783785858
480 901 225207356
836 1374 1917282823
10 4260 1265567330
479 3959 1097241327
500 6229 900083912
782 9801 356734816
85 5948 41992007
388 626 2068514407
342 3553 1185313708
567 1105 2071024487
421 1775 1729772345
795 9054 405442379
941 9562 551131206
659 3905 2114751511
841 8644 2127078972
696 4124 1276300730
753 2929 2057029421
402 2421 120450415
671 2925 1038003266
894 2005 649207244
194 5923 251237583
852 10 703006221
414 9601 1600374592
123 3103 430050808
949 6831 1357367654
343 7288 1564701314
481 7479 1407789124
566 2859 1330895439
866 6724 970322469
242 1052 551277571
839 7221 1991043567
357 9487 112736844
274 2889 308566025
969 2667 1389684059
302 5870 526216087
168 2812 809241865
911 8126 1276591454
474 3995 1851805693
591 2194 2117173280
638 6619 1338343190
858 6311 812544583
315 573 880336096
888 3722 370128826
341 8803 558223504
738 9823 1354165902
860 280 730922789
999 3101 1873981078
426 2448 1137580718
338 4244 920442940
961 1601 1553492858
686 2630 489614443
16 83 823111511
83 2641 1802628256
298 9671 2084930765
958 4224 435459362
231 362 962026257
338 7462 1360707723
255 3931 1744240602
327 4817 273707273
1 3 1993078608
1 10 701453878
1 8 191995646
6 1 1113202535
6 0 1725496417
6 2 570859384
0 7 1264995555
9 7 1781430722
10 7 1010715691
3 7 1342176997
6 9 1711475527
2 2 1343720919
8 9 349328628
9 6 641111755
4 4 1156402704
5 5 375769775
7 0 225244616
